0.000000 
0.300000 
0.380000 
0.460000 
0.540000 
0.620000 
0.700000 
0.780000 
0.860000 
0.940000 
1.020000 
1.100000 
1.180000 
1.260000 
1.340000 
1.420000 
1.500000 
1.580000 
1.660000 
1.740000 
1.820000 
1.900000 
1.980000 
2.060000 
2.140000 
2.220000 
2.300000 
2.380000 
2.460000 
2.540000 
2.620000 
2.700000 
2.780000 
2.860000 
2.940000 
3.020000 
3.100000 
3.180000 
3.260000 
3.340000 
3.420000 
3.500000 
3.580000 
3.660000 
3.740000 
3.820000 
3.900000 
3.980000 
4.060000 
4.140000 
4.220000 
4.300000 
4.380000 
4.460000 
4.540000 
4.620000 
4.700000 
4.780000 
4.860000 
4.940000 
5.020000 
5.100000 
5.180000 
5.260000 
5.340000 
5.420000 
5.500000 
5.580000 
5.660000 
5.740000 
5.820000 
5.900000 
5.980000 
6.060000 
6.140000 
6.220000 
6.300000 
6.380000 
6.460000 
6.540000 
6.620000 
6.700000 
6.780000 
6.860000 
6.940000 
7.020000 
7.100000 
7.180000 
7.260000 
7.340000 
7.420000 
7.500000 
7.580000 
7.660000 
7.740000 
7.820000 
7.900000 
7.980000 
8.060000 
8.140000 
8.220000 
8.300000 
8.380000 
8.460000 
8.540000 
8.620000 
8.700000 
8.780000 
8.860000 
8.940000 
9.020000 
9.100000 
9.180000 
9.260000 
9.340000 
9.420000 
9.500000 
9.580000 
9.660000 
9.740000 
9.820000 
9.900000 
9.980000 
10.060000 
10.140000 
10.220000 
10.300000 
10.380000 
10.460000 
10.540000 
10.620000 
10.700000 
10.780000 
10.860000 
10.940000 
11.020000 
11.100000 
11.180000 
11.260000 
11.340000 
11.420000 
11.500000 
11.580000 
11.660000 
11.740000 
11.820000 
11.900000 
11.980000 
12.060000 
12.140000 
12.220000 
12.300000 
12.380000 
12.460000 
12.540000 
12.620000 
12.700000 
12.780000 
12.860000 
12.940000 
13.020000 
13.100000 
13.180000 
13.260000 
13.340000 
13.420000 
13.500000 
13.580000 
13.660000 
13.740000 
13.820000 
13.900000 
13.980000 
14.060000 
14.140000 
14.220000 
14.300000 
14.380000 
14.460000 
14.540000 
14.620000 
14.700000 
14.780000 
14.860000 
14.940000 
15.020000 
15.100000 
15.180000 
15.260000 
15.340000 
15.420000 
15.500000 
15.580000 
15.660000 
15.740000 
15.820000 
15.900000 
15.980000 
16.060000 
16.140000 
16.220000 
16.300000 
16.380000 
16.460000 
16.540000 
16.620000 
16.700000 
16.780000 
16.860000 
16.940000 
17.020000 
17.100000 
17.180000 
17.260000 
17.340000 
17.420000 
17.500000 
17.580000 
17.660000 
17.740000 
17.820000 
17.900000 
17.980000 
18.060000 
18.140000 
18.220000 
18.300000 
18.380000 
18.460000 
18.540000 
18.620000 
18.700000 
18.780000 
18.860000 
18.940000 
19.020000 
19.100000 
19.180000 
19.260000 
19.340000 
19.420000 
19.500000 
19.580000 
19.660000 
19.740000 
19.820000 
19.900000 
19.980000 
20.060000 
20.140000 
20.220000 
20.300000 
20.380000 
20.460000 
20.540000 
20.620000 
20.700000 
20.780000 
20.860000 
20.940000 
21.020000 
21.100000 
21.180000 
21.260000 
21.340000 
21.420000 
21.500000 
21.580000 
21.660000 
21.740000 
21.820000 
21.900000 
21.980000 
22.060000 
22.140000 
22.220000 
22.300000 
22.380000 
22.460000 
22.540000 
22.620000 
22.700000 
22.780000 
22.860000 
22.940000 
23.020000 
23.100000 
23.180000 
23.260000 
23.340000 
23.420000 
23.500000 
23.580000 
23.660000 
23.740000 
23.820000 
23.900000 
23.980000 
24.060000 
24.140000 
24.220000 
24.300000 
24.380000 
24.460000 
24.540000 
24.620000 
24.700000 
24.780000 
24.860000 
24.940000 
25.020000 
25.100000 
25.180000 
25.260000 
25.340000 
25.420000 
25.500000 
25.580000 
25.660000 
25.740000 
25.820000 
25.900000 
25.980000 
26.060000 
26.140000 
26.220000 
26.300000 
26.380000 
26.460000 
26.540000 
26.620000 
26.700000 
26.780000 
26.860000 
26.940000 
27.020000 
27.100000 
27.180000 
27.260000 
27.340000 
27.420000 
27.500000 
27.580000 
27.660000 
27.740000 
27.820000 
27.900000 
27.980000 
28.060000 
28.140000 
28.220000 
28.300000 
28.380000 
28.460000 
28.540000 
28.620000 
28.700000 
28.780000 
28.860000 
28.940000 
29.020000 
29.100000 
29.180000 
29.260000 
29.340000 
29.420000 
29.500000 
29.580000 
29.660000 
29.740000 
29.820000 
29.900000 
29.980000 
30.060000 
30.140000 
30.220000 
30.300000 
30.380000 
30.460000 
30.540000 
30.620000 
30.700000 
30.780000 
30.860000 
30.940000 
31.020000 
31.100000 
31.180000 
31.260000 
31.340000 
31.420000 
31.500000 
31.580000 
31.660000 
31.740000 
31.820000 
31.900000 
31.980000 
32.060000 
32.140000 
32.220000 
32.300000 
32.380000 
32.460000 
32.540000 
32.620000 
32.700000 
32.780000 
32.860000 
32.940000 
33.020000 
33.100000 
33.180000 
33.260000 
33.340000 
33.420000 
33.500000 
33.580000 
33.660000 
33.740000 
33.820000 
33.900000 
33.980000 
34.060000 
34.140000 
34.220000 
34.300000 
34.380000 
34.460000 
34.540000 
34.620000 
34.700000 
34.780000 
34.860000 
34.940000 
35.020000 
35.100000 
35.180000 
35.260000 
35.340000 
35.420000 
35.500000 
35.580000 
35.660000 
35.740000 
35.820000 
35.900000 
35.980000 
36.060000 
36.140000 
36.220000 
36.300000 
36.380000 
36.460000 
36.540000 
36.620000 
36.700000 
36.780000 
36.860000 
36.940000 
37.020000 
37.100000 
37.180000 
37.260000 
37.340000 
37.420000 
37.500000 
37.580000 
37.660000 
37.740000 
37.820000 
37.900000 
37.980000 
38.060000 
38.140000 
38.220000 
38.300000 
38.380000 
38.460000 
38.540000 
38.620000 
38.700000 
38.780000 
38.860000 
38.940000 
39.020000 
39.100000 
39.180000 
39.260000 
39.340000 
39.420000 
39.500000 
39.580000 
39.660000 
39.740000 
39.820000 
39.900000 
39.980000 
40.060000 
40.140000 
40.220000 
40.300000 
40.380000 
40.460000 
40.540000 
40.620000 
40.700000 
40.780000 
40.860000 
40.940000 
41.020000 
41.100000 
41.180000 
41.260000 
41.340000 
41.420000 
41.500000 
41.580000 
41.660000 
41.740000 
41.820000 
41.900000 
41.980000 
42.060000 
42.140000 
42.220000 
42.300000 
42.380000 
42.460000 
42.540000 
42.620000 
42.700000 
42.780000 
42.860000 
42.940000 
43.020000 
43.100000 
43.180000 
43.260000 
43.340000 
43.420000 
43.500000 
43.580000 
43.660000 
43.740000 
43.820000 
43.900000 
43.980000 
44.060000 
44.140000 
44.220000 
44.300000 
44.380000 
44.460000 
44.540000 
44.620000 
44.700000 
44.780000 
44.860000 
44.940000 
45.020000 
45.100000 
45.180000 
45.260000 
45.340000 
45.420000 
45.500000 
45.580000 
45.660000 
45.740000 
45.820000 
45.900000 
45.980000 
46.060000 
46.140000 
46.220000 
46.300000 
46.380000 
46.460000 
46.540000 
46.620000 
46.700000 
46.780000 
46.860000 
46.940000 
47.020000 
47.100000 
47.180000 
47.260000 
47.340000 
47.420000 
47.500000 
47.580000 
47.660000 
47.740000 
47.820000 
47.900000 
47.980000 
48.060000 
48.140000 
48.220000 
48.300000 
48.380000 
48.460000 
48.540000 
48.620000 
48.700000 
48.780000 
48.860000 
48.940000 
49.020000 
49.100000 
49.180000 
49.260000 
49.340000 
49.420000 
49.500000 
49.580000 
49.660000 
49.740000 
49.820000 
49.900000 
49.980000 
50.060000 
50.140000 
50.220000 
50.300000 
50.380000 
50.460000 
50.540000 
50.620000 
50.700000 
50.780000 
50.860000 
50.940000 
51.020000 
51.100000 
51.180000 
51.260000 
51.340000 
51.420000 
51.500000 
51.580000 
51.660000 
51.740000 
51.820000 
51.900000 
51.980000 
52.060000 
52.140000 
52.220000 
52.300000 
52.380000 
52.460000 
52.540000 
52.620000 
52.700000 
52.780000 
52.860000 
52.940000 
53.020000 
53.100000 
53.180000 
53.260000 
53.340000 
53.420000 
53.500000 
53.580000 
53.660000 
53.740000 
53.820000 
53.900000 
53.980000 
54.060000 
54.140000 
54.220000 
54.300000 
54.380000 
54.460000 
54.540000 
54.620000 
54.700000 
54.780000 
54.860000 
54.940000 
55.020000 
55.100000 
55.180000 
55.260000 
55.340000 
55.420000 
55.500000 
55.580000 
55.660000 
55.740000 
55.820000 
55.900000 
55.980000 
56.060000 
56.140000 
56.220000 
56.300000 
56.380000 
56.460000 
56.540000 
56.620000 
56.700000 
56.780000 
56.860000 
56.940000 
57.020000 
57.100000 
57.180000 
57.260000 
57.340000 
57.420000 
57.500000 
57.580000 
57.660000 
57.740000 
57.820000 
57.900000 
57.980000 
58.060000 
58.140000 
58.220000 
58.300000 
58.380000 
58.460000 
58.540000 
58.620000 
58.700000 
58.780000 
58.860000 
58.940000 
59.020000 
59.100000 
59.180000 
59.260000 
59.340000 
59.420000 
59.500000 
59.580000 
59.660000 
59.740000 
59.820000 
59.900000 
59.980000 
60.060000 
60.140000 
60.220000 
60.300000 
60.380000 
60.460000 
60.540000 
60.620000 
60.700000 
60.780000 
60.860000 
60.940000 
61.020000 
61.100000 
61.180000 
61.260000 
61.340000 
61.420000 
61.500000 
61.580000 
61.660000 
61.740000 
61.820000 
61.900000 
61.980000 
62.060000 
62.140000 
62.220000 
62.300000 
62.380000 
62.460000 
62.540000 
62.620000 
62.700000 
62.780000 
62.860000 
62.940000 
63.020000 
63.100000 
63.180000 
63.260000 
63.340000 
63.420000 
63.500000 
63.580000 
63.660000 
63.740000 
63.820000 
63.900000 
63.980000 
64.060000 
64.140000 
64.220000 
64.300000 
64.380000 
64.460000 
64.540000 
64.620000 
64.700000 
64.780000 
64.860000 
64.940000 
65.020000 
65.100000 
65.180000 
65.260000 
65.340000 
65.420000 
65.500000 
65.580000 
65.660000 
65.740000 
65.820000 
65.900000 
65.980000 
66.060000 
66.140000 
66.220000 
66.300000 
66.380000 
66.460000 
66.540000 
66.620000 
66.700000 
66.780000 
66.860000 
66.940000 
67.020000 
67.100000 
67.180000 
67.260000 
67.340000 
67.420000 
67.500000 
67.580000 
67.660000 
67.740000 
67.820000 
67.900000 
67.980000 
68.060000 
68.140000 
68.220000 
68.300000 
68.380000 
68.460000 
68.540000 
68.620000 
68.700000 
68.780000 
68.860000 
68.940000 
69.020000 
69.100000 
69.180000 
69.260000 
69.340000 
69.420000 
69.500000 
69.580000 
69.660000 
69.740000 
69.820000 
69.900000 
69.980000 
70.060000 
70.140000 
70.220000 
70.300000 
70.380000 
70.460000 
70.540000 
70.620000 
70.700000 
70.780000 
70.860000 
70.940000 
71.020000 
71.100000 
71.180000 
71.260000 
71.340000 
71.420000 
71.500000 
71.580000 
71.660000 
71.740000 
71.820000 
71.900000 
71.980000 
72.060000 
72.140000 
72.220000 
72.300000 
72.380000 
72.460000 
72.540000 
72.620000 
72.700000 
72.780000 
72.860000 
72.940000 
73.020000 
73.100000 
73.180000 
73.260000 
73.340000 
73.420000 
73.500000 
73.580000 
73.660000 
73.740000 
73.820000 
73.900000 
73.980000 
74.060000 
74.140000 
74.220000 
74.300000 
74.380000 
74.460000 
74.540000 
74.620000 
74.700000 
74.780000 
74.860000 
74.940000 
75.020000 
75.100000 
75.180000 
75.260000 
75.340000 
75.420000 
75.500000 
75.580000 
75.660000 
75.740000 
75.820000 
75.900000 
75.980000 
76.060000 
76.140000 
76.220000 
76.300000 
76.380000 
76.460000 
76.540000 
76.620000 
76.700000 
76.780000 
76.860000 
76.940000 
77.020000 
77.100000 
77.180000 
77.260000 
77.340000 
77.420000 
77.500000 
77.580000 
77.660000 
77.740000 
77.820000 
77.900000 
77.980000 
78.060000 
78.140000 
78.220000 
78.300000 
78.380000 
78.460000 
78.540000 
78.620000 
78.700000 
78.780000 
78.860000 
78.940000 
79.020000 
79.100000 
79.180000 
79.260000 
79.340000 
79.420000 
79.500000 
79.580000 
79.660000 
79.740000 
79.820000 
79.900000 
79.980000 
80.060000 
80.140000 
80.220000 
80.300000 
80.380000 
80.460000 
80.540000 
80.620000 
80.700000 
80.780000 
80.860000 
80.940000 
81.020000 
81.100000 
81.180000 
81.260000 
81.340000 
81.420000 
81.500000 
81.580000 
81.660000 
81.740000 
81.820000 
81.900000 
81.980000 
82.060000 
82.140000 
82.220000 
82.300000 
82.380000 
82.460000 
82.540000 
82.620000 
82.700000 
82.780000 
82.860000 
82.940000 
83.020000 
83.100000 
83.180000 
83.260000 
83.340000 
83.420000 
83.500000 
83.580000 
83.660000 
83.740000 
83.820000 
83.900000 
83.980000 
84.060000 
84.140000 
84.220000 
84.300000 
84.380000 
84.460000 
84.540000 
84.620000 
84.700000 
84.780000 
84.860000 
84.940000 
85.020000 
85.100000 
85.180000 
85.260000 
85.340000 
85.420000 
85.500000 
85.580000 
85.660000 
85.740000 
85.820000 
85.900000 
85.980000 
86.060000 
86.140000 
86.220000 
86.300000 
86.380000 
86.460000 
86.540000 
86.620000 
86.700000 
86.780000 
86.860000 
86.940000 
87.020000 
87.100000 
87.180000 
87.260000 
87.340000 
87.420000 
87.500000 
87.580000 
87.660000 
87.740000 
87.820000 
87.900000 
87.980000 
88.060000 
88.140000 
88.220000 
88.300000 
88.380000 
88.460000 
88.540000 
88.620000 
88.700000 
88.780000 
88.860000 
88.940000 
89.020000 
89.100000 
89.180000 
89.260000 
89.340000 
89.420000 
89.500000 
89.580000 
89.660000 
89.740000 
89.820000 
89.900000 
89.980000 
90.060000 
90.140000 
90.220000 
90.300000 
90.380000 
90.460000 
90.540000 
90.620000 
90.700000 
90.780000 
90.860000 
90.940000 
91.020000 
91.100000 
91.180000 
91.260000 
91.340000 
91.420000 
91.500000 
91.580000 
91.660000 
91.740000 
91.820000 
91.900000 
91.980000 
92.060000 
92.140000 
92.220000 
92.300000 
92.380000 
92.460000 
92.540000 
92.620000 
92.700000 
92.780000 
92.860000 
92.940000 
93.020000 
93.100000 
93.180000 
93.260000 
93.340000 
93.420000 
93.500000 
93.580000 
93.660000 
93.740000 
93.820000 
93.900000 
93.980000 
94.060000 
94.140000 
94.220000 
94.300000 
94.380000 
94.460000 
94.540000 
94.620000 
94.700000 
94.780000 
94.860000 
94.940000 
95.020000 
95.100000 
95.180000 
95.260000 
95.340000 
95.420000 
95.500000 
95.580000 
95.660000 
95.740000 
95.820000 
95.900000 
95.980000 
96.060000 
96.140000 
96.220000 
96.300000 
96.380000 
96.460000 
96.540000 
96.620000 
96.700000 
96.780000 
96.860000 
96.940000 
97.020000 
97.100000 
97.180000 
97.260000 
97.340000 
97.420000 
97.500000 
97.580000 
97.660000 
97.740000 
97.820000 
97.900000 
97.980000 
98.060000 
98.140000 
98.220000 
98.300000 
98.380000 
98.460000 
98.540000 
98.620000 
98.700000 
98.780000 
98.860000 
98.940000 
99.020000 
99.100000 
99.180000 
99.260000 
99.340000 
99.420000 
99.500000 
99.580000 
99.660000 
99.740000 
99.820000 
99.900000 
99.980000 
100.060000 
100.140000 
100.220000 
100.300000 
100.380000 
100.460000 
100.540000 
100.620000 
100.700000 
100.780000 
100.860000 
100.940000 
101.020000 
101.100000 
101.180000 
101.260000 
101.340000 
101.420000 
101.500000 
101.580000 
101.660000 
101.740000 
101.820000 
101.900000 
101.980000 
102.060000 
102.140000 
102.220000 
102.300000 
102.380000 
102.460000 
102.540000 
102.620000 
102.700000 
102.780000 
102.860000 
102.940000 
103.020000 
103.100000 
103.180000 
103.260000 
103.340000 
103.420000 
103.500000 
103.580000 
103.660000 
103.740000 
103.820000 
103.900000 
103.980000 
104.060000 
104.140000 
104.220000 
104.300000 
104.380000 
104.460000 
104.540000 
104.620000 
104.700000 
104.780000 
104.860000 
104.940000 
105.020000 
105.100000 
105.180000 
105.260000 
105.340000 
105.420000 
105.500000 
105.580000 
105.660000 
105.740000 
105.820000 
105.900000 
105.980000 
106.060000 
106.140000 
106.220000 
106.300000 
106.380000 
106.460000 
106.540000 
106.620000 
106.700000 
106.780000 
106.860000 
106.940000 
107.020000 
107.100000 
107.180000 
107.260000 
107.340000 
107.420000 
107.500000 
107.580000 
107.660000 
107.740000 
107.820000 
107.900000 
107.980000 
108.060000 
108.140000 
108.220000 
108.300000 
108.380000 
108.460000 
108.540000 
108.620000 
108.700000 
108.780000 
108.860000 
108.940000 
109.020000 
109.100000 
109.180000 
109.260000 
109.340000 
109.420000 
109.500000 
109.580000 
109.660000 
109.740000 
109.820000 
109.900000 
109.980000 
110.060000 
110.140000 
110.220000 
110.300000 
110.380000 
110.460000 
110.540000 
110.620000 
110.700000 
110.780000 
110.860000 
110.940000 
111.020000 
111.100000 
111.180000 
111.260000 
111.340000 
111.420000 
111.500000 
111.580000 
111.660000 
111.740000 
111.820000 
111.900000 
111.980000 
112.060000 
112.140000 
112.220000 
112.300000 
112.380000 
112.460000 
112.540000 
112.620000 
112.700000 
112.780000 
112.860000 
112.940000 
113.020000 
113.100000 
113.180000 
113.260000 
113.340000 
113.420000 
113.500000 
113.580000 
113.660000 
113.740000 
113.820000 
113.900000 
113.980000 
114.060000 
114.140000 
114.220000 
114.300000 
114.380000 
114.460000 
114.540000 
114.620000 
114.700000 
114.780000 
114.860000 
114.940000 
115.020000 
115.100000 
115.180000 
115.260000 
115.340000 
115.420000 
115.500000 
115.580000 
115.660000 
115.740000 
115.820000 
115.900000 
115.980000 
116.060000 
116.140000 
116.220000 
116.300000 
116.380000 
116.460000 
116.540000 
116.620000 
116.700000 
116.780000 
116.860000 
116.940000 
117.020000 
117.100000 
117.180000 
117.260000 
117.340000 
117.420000 
117.500000 
117.580000 
117.660000 
117.740000 
117.820000 
117.900000 
117.980000 
118.060000 
118.140000 
118.220000 
118.300000 
118.380000 
118.460000 
118.540000 
118.620000 
118.700000 
118.780000 
118.860000 
118.940000 
119.020000 
119.100000 
119.180000 
119.260000 
119.340000 
119.420000 
119.500000 
119.580000 
119.660000 
119.740000 
119.820000 
119.900000 
119.980000 
120.060000 
120.140000 
120.220000 
120.300000 
120.380000 
120.460000 
120.540000 
120.620000 
120.700000 
120.780000 
120.860000 
120.940000 
121.020000 
121.100000 
121.180000 
121.260000 
121.340000 
121.420000 
121.500000 
121.580000 
121.660000 
121.740000 
121.820000 
121.900000 
121.980000 
122.060000 
122.140000 
122.220000 
122.300000 
122.380000 
122.460000 
122.540000 
122.620000 
122.700000 
122.780000 
122.860000 
122.940000 
123.020000 
123.100000 
123.180000 
123.260000 
123.340000 
123.420000 
123.500000 
123.580000 
123.660000 
123.740000 
123.820000 
123.900000 
123.980000 
124.060000 
124.140000 
124.220000 
124.300000 
124.380000 
124.460000 
124.540000 
124.620000 
124.700000 
124.780000 
124.860000 
124.940000 
125.020000 
125.100000 
125.180000 
125.260000 
125.340000 
125.420000 
125.500000 
125.580000 
125.660000 
125.740000 
125.820000 
125.900000 
125.980000 
126.060000 
126.140000 
126.220000 
126.300000 
126.380000 
126.460000 
126.540000 
126.620000 
126.700000 
126.780000 
126.860000 
126.940000 
127.020000 
127.100000 
127.180000 
127.260000 
127.340000 
127.420000 
127.500000 
127.580000 
127.660000 
127.740000 
127.820000 
127.900000 
127.980000 
128.060000 
128.140000 
128.220000 
128.300000 
128.380000 
128.460000 
128.540000 
128.620000 
128.700000 
128.780000 
128.860000 
128.940000 
129.020000 
129.100000 
129.180000 
129.260000 
129.340000 
129.420000 
129.500000 
129.580000 
129.660000 
129.740000 
129.820000 
129.900000 
129.980000 
130.060000 
130.140000 
130.220000 
130.300000 
130.380000 
130.460000 
130.540000 
130.620000 
130.700000 
130.780000 
130.860000 
130.940000 
131.020000 
131.100000 
131.180000 
131.260000 
131.340000 
131.420000 
131.500000 
131.580000 
131.660000 
131.740000 
131.820000 
131.900000 
131.980000 
132.060000 
132.140000 
132.220000 
132.300000 
132.380000 
132.460000 
132.540000 
132.620000 
132.700000 
132.780000 
132.860000 
132.940000 
133.020000 
133.100000 
133.180000 
133.260000 
133.340000 
133.420000 
133.500000 
133.580000 
133.660000 
133.740000 
133.820000 
133.900000 
133.980000 
134.060000 
134.140000 
134.220000 
134.300000 
134.380000 
134.460000 
134.540000 
134.620000 
134.700000 
134.780000 
134.860000 
134.940000 
135.020000 
135.100000 
135.180000 
135.260000 
135.340000 
135.420000 
135.500000 
135.580000 
135.660000 
135.740000 
135.820000 
135.900000 
135.980000 
136.060000 
136.140000 
136.220000 
136.300000 
136.380000 
136.460000 
136.540000 
136.620000 
136.700000 
136.780000 
136.860000 
136.940000 
137.020000 
137.100000 
137.180000 
137.260000 
137.340000 
137.420000 
137.500000 
137.580000 
137.660000 
137.740000 
137.820000 
137.900000 
137.980000 
138.060000 
138.140000 
138.220000 
138.300000 
138.380000 
138.460000 
138.540000 
138.620000 
138.700000 
138.780000 
138.860000 
138.940000 
139.020000 
139.100000 
139.180000 
139.260000 
139.340000 
139.420000 
139.500000 
139.580000 
139.660000 
139.740000 
139.820000 
139.900000 
139.980000 
140.060000 
140.140000 
140.220000 
140.300000 
140.380000 
140.460000 
140.540000 
140.620000 
140.700000 
140.780000 
140.860000 
140.940000 
141.020000 
141.100000 
141.180000 
141.260000 
141.340000 
141.420000 
141.500000 
141.580000 
141.660000 
141.740000 
141.820000 
141.900000 
141.980000 
142.060000 
142.140000 
142.220000 
142.300000 
142.380000 
142.460000 
142.540000 
142.620000 
142.700000 
142.780000 
142.860000 
142.940000 
143.020000 
143.100000 
143.180000 
143.260000 
143.340000 
143.420000 
143.500000 
143.580000 
143.660000 
143.740000 
143.820000 
143.900000 
143.980000 
144.060000 
144.140000 
144.220000 
144.300000 
144.380000 
144.460000 
144.540000 
144.620000 
144.700000 
144.780000 
144.860000 
144.940000 
145.020000 
145.100000 
145.180000 
145.260000 
145.340000 
145.420000 
145.500000 
145.580000 
145.660000 
145.740000 
145.820000 
145.900000 
145.980000 
146.060000 
146.140000 
146.220000 
146.300000 
146.380000 
146.460000 
146.540000 
146.620000 
146.700000 
146.780000 
146.860000 
146.940000 
147.020000 
147.100000 
147.180000 
147.260000 
147.340000 
147.420000 
147.500000 
147.580000 
147.660000 
147.740000 
147.820000 
147.900000 
147.980000 
148.060000 
148.140000 
148.220000 
148.300000 
148.380000 
148.460000 
148.540000 
148.620000 
148.700000 
148.780000 
148.860000 
148.940000 
149.020000 
149.100000 
149.180000 
149.260000 
149.340000 
149.420000 
149.500000 
149.580000 
149.660000 
149.740000 
149.820000 
149.900000 
149.980000 
150.060000 
150.140000 
150.220000 
150.300000 
150.380000 
150.460000 
150.540000 
150.620000 
150.700000 
150.780000 
150.860000 
150.940000 
151.020000 
151.100000 
151.180000 
151.260000 
151.340000 
151.420000 
151.500000 
151.580000 
151.660000 
151.740000 
151.820000 
151.900000 
151.980000 
152.060000 
152.140000 
152.220000 
152.300000 
152.380000 
152.460000 
152.540000 
152.620000 
152.700000 
152.780000 
152.860000 
152.940000 
153.020000 
153.100000 
153.180000 
153.260000 
153.340000 
153.420000 
153.500000 
153.580000 
153.660000 
153.740000 
153.820000 
153.900000 
153.980000 
154.060000 
154.140000 
154.220000 
154.300000 
154.380000 
154.460000 
154.540000 
154.620000 
154.700000 
154.780000 
154.860000 
154.940000 
155.020000 
155.100000 
155.180000 
155.260000 
155.340000 
155.420000 
155.500000 
155.580000 
155.660000 
155.740000 
155.820000 
155.900000 
155.980000 
156.060000 
156.140000 
156.220000 
156.300000 
156.380000 
156.460000 
156.540000 
156.620000 
156.700000 
156.780000 
156.860000 
156.940000 
157.020000 
157.100000 
157.180000 
157.260000 
157.340000 
157.420000 
157.500000 
157.580000 
157.660000 
157.740000 
157.820000 
157.900000 
157.980000 
158.060000 
158.140000 
158.220000 
158.300000 
158.380000 
158.460000 
158.540000 
158.620000 
158.700000 
158.780000 
158.860000 
158.940000 
159.020000 
159.100000 
159.180000 
159.260000 
159.340000 
159.420000 
159.500000 
159.580000 
159.660000 
159.740000 
159.820000 
159.900000 
159.980000 
160.060000 
160.140000 
160.220000 
160.300000 
160.380000 
160.460000 
160.540000 
160.620000 
160.700000 
160.780000 
160.860000 
160.940000 
161.020000 
161.100000 
161.180000 
161.260000 
161.340000 
161.420000 
161.500000 
161.580000 
161.660000 
161.740000 
161.820000 
161.900000 
161.980000 
162.060000 
162.140000 
162.220000 
162.300000 
162.380000 
162.460000 
162.540000 
162.620000 
162.700000 
162.780000 
162.860000 
162.940000 
163.020000 
163.100000 
163.180000 
163.260000 
163.340000 
163.420000 
163.500000 
163.580000 
163.660000 
163.740000 
163.820000 
163.900000 
163.980000 
164.060000 
164.140000 
164.220000 
164.300000 
164.380000 
164.460000 
164.540000 
164.620000 
164.700000 
164.780000 
164.860000 
164.940000 
165.020000 
165.100000 
165.180000 
165.260000 
165.340000 
165.420000 
165.500000 
165.580000 
165.660000 
165.740000 
165.820000 
165.900000 
165.980000 
166.060000 
166.140000 
166.220000 
166.300000 
166.380000 
166.460000 
166.540000 
166.620000 
166.700000 
166.780000 
166.860000 
166.940000 
167.020000 
167.100000 
167.180000 
167.260000 
167.340000 
167.420000 
167.500000 
167.580000 
167.660000 
167.740000 
167.820000 
167.900000 
167.980000 
168.060000 
168.140000 
168.220000 
168.300000 
168.380000 
168.460000 
168.540000 
168.620000 
168.700000 
168.780000 
168.860000 
168.940000 
169.020000 
169.100000 
169.180000 
169.260000 
169.340000 
169.420000 
169.500000 
169.580000 
169.660000 
169.740000 
169.820000 
169.900000 
169.980000 
170.060000 
170.140000 
170.220000 
170.300000 
170.380000 
170.460000 
170.540000 
170.620000 
170.700000 
170.780000 
170.860000 
170.940000 
171.020000 
171.100000 
171.180000 
171.260000 
171.340000 
171.420000 
171.500000 
171.580000 
171.660000 
171.740000 
171.820000 
171.900000 
171.980000 
172.060000 
172.140000 
172.220000 
172.300000 
172.380000 
172.460000 
172.540000 
172.620000 
172.700000 
172.780000 
172.860000 
172.940000 
173.020000 
173.100000 
173.180000 
173.260000 
173.340000 
173.420000 
173.500000 
173.580000 
173.660000 
173.740000 
173.820000 
173.900000 
173.980000 
174.060000 
174.140000 
174.220000 
174.300000 
174.380000 
174.460000 
174.540000 
174.620000 
174.700000 
174.780000 
174.860000 
174.940000 
175.020000 
175.100000 
175.180000 
175.260000 
175.340000 
175.420000 
175.500000 
175.580000 
175.660000 
175.740000 
175.820000 
175.900000 
175.980000 
176.060000 
176.140000 
176.220000 
176.300000 
176.380000 
176.460000 
176.540000 
176.620000 
176.700000 
176.780000 
176.860000 
176.940000 
177.020000 
177.100000 
177.180000 
177.260000 
177.340000 
177.420000 
177.500000 
177.580000 
177.660000 
177.740000 
177.820000 
177.900000 
177.980000 
178.060000 
178.140000 
178.220000 
178.300000 
178.380000 
178.460000 
178.540000 
178.620000 
178.700000 
178.780000 
178.860000 
178.940000 
179.020000 
179.100000 
179.180000 
179.260000 
179.340000 
179.420000 
179.500000 
179.580000 
179.660000 
179.740000 
179.820000 
179.900000 
179.980000 
180.060000 
180.140000 
180.220000 
180.300000 
180.380000 
180.460000 
180.540000 
180.620000 
180.700000 
180.780000 
180.860000 
180.940000 
181.020000 
181.100000 
181.180000 
181.260000 
181.340000 
181.420000 
181.500000 
181.580000 
181.660000 
181.740000 
181.820000 
181.900000 
181.980000 
182.060000 
182.140000 
182.220000 
182.300000 
182.380000 
182.460000 
182.540000 
182.620000 
182.700000 
182.780000 
182.860000 
182.940000 
183.020000 
183.100000 
183.180000 
183.260000 
183.340000 
183.420000 
183.500000 
183.580000 
183.660000 
183.740000 
183.820000 
183.900000 
183.980000 
184.060000 
184.140000 
184.220000 
184.300000 
184.380000 
184.460000 
184.540000 
184.620000 
184.700000 
184.780000 
184.860000 
184.940000 
185.020000 
185.100000 
185.180000 
185.260000 
185.340000 
185.420000 
185.500000 
185.580000 
185.660000 
185.740000 
185.820000 
185.900000 
185.980000 
186.060000 
186.140000 
186.220000 
186.300000 
186.380000 
186.460000 
186.540000 
186.620000 
186.700000 
186.780000 
186.860000 
186.940000 
187.020000 
187.100000 
187.180000 
187.260000 
187.340000 
187.420000 
187.500000 
187.580000 
187.660000 
187.740000 
187.820000 
187.900000 
187.980000 
188.060000 
188.140000 
188.220000 
188.300000 
188.380000 
188.460000 
188.540000 
188.620000 
188.700000 
188.780000 
188.860000 
188.940000 
189.020000 
189.100000 
189.180000 
189.260000 
189.340000 
189.420000 
189.500000 
189.580000 
189.660000 
189.740000 
189.820000 
189.900000 
189.980000 
190.060000 
190.140000 
190.220000 
190.300000 
190.380000 
190.460000 
190.540000 
190.620000 
190.700000 
190.780000 
190.860000 
190.940000 
191.020000 
191.100000 
191.180000 
191.260000 
191.340000 
191.420000 
191.500000 
191.580000 
191.660000 
191.740000 
191.820000 
191.900000 
191.980000 
192.060000 
192.140000 
192.220000 
192.300000 
192.380000 
192.460000 
192.540000 
192.620000 
192.700000 
192.780000 
192.860000 
192.940000 
193.020000 
193.100000 
193.180000 
193.260000 
193.340000 
193.420000 
193.500000 
193.580000 
193.660000 
193.740000 
193.820000 
193.900000 
193.980000 
194.060000 
194.140000 
194.220000 
194.300000 
194.380000 
194.460000 
194.540000 
194.620000 
194.700000 
194.780000 
194.860000 
194.940000 
195.020000 
195.100000 
195.180000 
195.260000 
195.340000 
195.420000 
195.500000 
195.580000 
195.660000 
195.740000 
195.820000 
195.900000 
195.980000 
196.060000 
196.140000 
196.220000 
196.300000 
196.380000 
196.460000 
196.540000 
196.620000 
196.700000 
196.780000 
196.860000 
196.940000 
197.020000 
197.100000 
197.180000 
197.260000 
197.340000 
197.420000 
197.500000 
197.580000 
197.660000 
197.740000 
197.820000 
197.900000 
197.980000 
198.060000 
198.140000 
198.220000 
198.300000 
198.380000 
198.460000 
198.540000 
198.620000 
198.700000 
198.780000 
198.860000 
198.940000 
199.020000 
199.100000 
199.180000 
199.260000 
199.340000 
199.420000 
199.500000 
199.580000 
199.660000 
199.740000 
199.820000 
199.900000 
199.980000 
200.060000 
200.140000 
200.220000 
200.300000 
200.380000 
200.460000 
200.540000 
200.620000 
200.700000 
200.780000 
200.860000 
200.940000 
201.020000 
201.100000 
201.180000 
201.260000 
201.340000 
201.420000 
201.500000 
201.580000 
201.660000 
201.740000 
201.820000 
201.900000 
201.980000 
202.060000 
202.140000 
202.220000 
202.300000 
202.380000 
202.460000 
202.540000 
202.620000 
202.700000 
202.780000 
202.860000 
202.940000 
203.020000 
203.100000 
203.180000 
203.260000 
203.340000 
203.420000 
203.500000 
203.580000 
203.660000 
203.740000 
203.820000 
203.900000 
203.980000 
204.060000 
204.140000 
204.220000 
204.300000 
204.380000 
204.460000 
204.540000 
204.620000 
204.700000 
204.780000 
204.860000 
204.940000 
205.020000 
205.100000 
205.180000 
205.260000 
205.340000 
205.420000 
205.500000 
205.580000 
205.660000 
205.740000 
205.820000 
205.900000 
205.980000 
206.060000 
206.140000 
206.220000 
206.300000 
206.380000 
206.460000 
206.540000 
206.620000 
206.700000 
206.780000 
206.860000 
206.940000 
207.020000 
207.100000 
207.180000 
207.260000 
207.340000 
207.420000 
207.500000 
207.580000 
207.660000 
207.740000 
207.820000 
207.900000 
207.980000 
208.060000 
208.140000 
208.220000 
208.300000 
208.380000 
208.460000 
208.540000 
208.620000 
208.700000 
208.780000 
208.860000 
208.940000 
209.020000 
209.100000 
209.180000 
209.260000 
209.340000 
209.420000 
209.500000 
209.580000 
209.660000 
209.740000 
209.820000 
209.900000 
209.980000 
210.060000 
210.140000 
210.220000 
210.300000 
210.380000 
210.460000 
210.540000 
210.620000 
210.700000 
210.780000 
210.860000 
210.940000 
211.020000 
211.100000 
211.180000 
211.260000 
211.340000 
211.420000 
211.500000 
211.580000 
211.660000 
211.740000 
211.820000 
211.900000 
211.980000 
212.060000 
212.140000 
212.220000 
212.300000 
212.380000 
212.460000 
212.540000 
212.620000 
212.700000 
212.780000 
212.860000 
212.940000 
213.020000 
213.100000 
213.180000 
213.260000 
213.340000 
213.420000 
213.500000 
213.580000 
213.660000 
213.740000 
213.820000 
213.900000 
213.980000 
214.060000 
214.140000 
214.220000 
214.300000 
214.380000 
214.460000 
214.540000 
214.620000 
214.700000 
214.780000 
214.860000 
214.940000 
215.020000 
215.100000 
215.180000 
215.260000 
215.340000 
215.420000 
215.500000 
215.580000 
215.660000 
215.740000 
215.820000 
215.900000 
215.980000 
216.060000 
216.140000 
216.220000 
216.300000 
216.380000 
216.460000 
216.540000 
216.620000 
216.700000 
216.780000 
216.860000 
216.940000 
217.020000 
217.100000 
217.180000 
217.260000 
217.340000 
217.420000 
217.500000 
217.580000 
217.660000 
217.740000 
217.820000 
217.900000 
217.980000 
218.060000 
218.140000 
218.220000 
218.300000 
218.380000 
218.460000 
218.540000 
218.620000 
218.700000 
218.780000 
218.860000 
218.940000 
219.020000 
219.100000 
219.180000 
219.260000 
219.340000 
219.420000 
219.500000 
219.580000 
219.660000 
219.740000 
219.820000 
219.900000 
219.980000 
220.060000 
220.140000 
220.220000 
220.300000 
220.380000 
220.460000 
220.540000 
220.620000 
220.700000 
220.780000 
220.860000 
220.940000 
221.020000 
221.100000 
221.180000 
221.260000 
221.340000 
221.420000 
221.500000 
221.580000 
221.660000 
221.740000 
221.820000 
221.900000 
221.980000 
222.060000 
222.140000 
222.220000 
222.300000 
222.380000 
222.460000 
222.540000 
222.620000 
222.700000 
222.780000 
222.860000 
222.940000 
223.020000 
223.100000 
223.180000 
223.260000 
223.340000 
223.420000 
223.500000 
223.580000 
223.660000 
223.740000 
223.820000 
223.900000 
223.980000 
224.060000 
224.140000 
224.220000 
224.300000 
224.380000 
224.460000 
224.540000 
224.620000 
224.700000 
224.780000 
224.860000 
224.940000 
225.020000 
225.100000 
225.180000 
225.260000 
225.340000 
225.420000 
225.500000 
225.580000 
225.660000 
225.740000 
225.820000 
225.900000 
225.980000 
226.060000 
226.140000 
226.220000 
226.300000 
226.380000 
226.460000 
226.540000 
226.620000 
226.700000 
226.780000 
226.860000 
226.940000 
227.020000 
227.100000 
227.180000 
227.260000 
227.340000 
227.420000 
227.500000 
227.580000 
227.660000 
227.740000 
227.820000 
227.900000 
227.980000 
228.060000 
228.140000 
228.220000 
228.300000 
228.380000 
228.460000 
228.540000 
228.620000 
228.700000 
228.780000 
228.860000 
228.940000 
229.020000 
229.100000 
229.180000 
229.260000 
229.340000 
229.420000 
229.500000 
229.580000 
229.660000 
229.740000 
229.820000 
229.900000 
229.980000 
230.060000 
230.140000 
230.220000 
230.300000 
230.380000 
230.460000 
230.540000 
230.620000 
230.700000 
230.780000 
230.860000 
230.940000 
231.020000 
231.100000 
231.180000 
231.260000 
231.340000 
231.420000 
231.500000 
231.580000 
231.660000 
231.740000 
231.820000 
231.900000 
231.980000 
232.060000 
232.140000 
232.220000 
232.300000 
232.380000 
232.460000 
232.540000 
232.620000 
232.700000 
232.780000 
232.860000 
232.940000 
233.020000 
233.100000 
233.180000 
233.260000 
233.340000 
233.420000 
233.500000 
233.580000 
233.660000 
233.740000 
233.820000 
233.900000 
233.980000 
234.060000 
234.140000 
234.220000 
234.300000 
234.380000 
234.460000 
234.540000 
234.620000 
234.700000 
234.780000 
234.860000 
234.940000 
235.020000 
235.100000 
235.180000 
235.260000 
235.340000 
235.420000 
235.500000 
235.580000 
235.660000 
235.740000 
235.820000 
235.900000 
235.980000 
236.060000 
236.140000 
236.220000 
236.300000 
236.380000 
236.460000 
236.540000 
236.620000 
236.700000 
236.780000 
236.860000 
236.940000 
237.020000 
237.100000 
237.180000 
237.260000 
237.340000 
237.420000 
237.500000 
237.580000 
237.660000 
237.740000 
237.820000 
237.900000 
237.980000 
238.060000 
238.140000 
238.220000 
238.300000 
238.380000 
238.460000 
238.540000 
238.620000 
238.700000 
238.780000 
238.860000 
238.940000 
239.020000 
239.100000 
239.180000 
239.260000 
239.340000 
239.420000 
239.500000 
239.580000 
239.660000 
239.740000 
239.820000 
239.900000 
239.980000 
240.060000 
240.140000 
240.220000 
240.300000 
240.380000 
240.460000 
240.540000 
240.620000 
240.700000 
240.780000 
240.860000 
240.940000 
241.020000 
241.100000 
241.180000 
241.260000 
241.340000 
241.420000 
241.500000 
241.580000 
241.660000 
241.740000 
241.820000 
241.900000 
241.980000 
242.060000 
242.140000 
242.220000 
242.300000 
242.380000 
242.460000 
242.540000 
242.620000 
242.700000 
242.780000 
242.860000 
242.940000 
243.020000 
243.100000 
243.180000 
243.260000 
243.340000 
243.420000 
243.500000 
243.580000 
243.660000 
243.740000 
243.820000 
243.900000 
243.980000 
244.060000 
244.140000 
244.220000 
244.300000 
244.380000 
244.460000 
244.540000 
244.620000 
244.700000 
244.780000 
244.860000 
244.940000 
245.020000 
245.100000 
245.180000 
245.260000 
245.340000 
245.420000 
245.500000 
245.580000 
245.660000 
245.740000 
245.820000 
245.900000 
245.980000 
246.060000 
246.140000 
246.220000 
246.300000 
246.380000 
246.460000 
246.540000 
246.620000 
246.700000 
246.780000 
246.860000 
246.940000 
247.020000 
247.100000 
247.180000 
247.260000 
247.340000 
247.420000 
247.500000 
247.580000 
247.660000 
247.740000 
247.820000 
247.900000 
247.980000 
248.060000 
248.140000 
248.220000 
248.300000 
248.380000 
248.460000 
248.540000 
248.620000 
248.700000 
248.780000 
248.860000 
248.940000 
249.020000 
249.100000 
249.180000 
249.260000 
249.340000 
249.420000 
249.500000 
249.580000 
249.660000 
249.740000 
249.820000 
249.900000 
249.980000 
250.060000 
250.140000 
250.220000 
250.300000 
250.380000 
250.460000 
250.540000 
250.620000 
250.700000 
250.780000 
250.860000 
250.940000 
251.020000 
251.100000 
251.180000 
251.260000 
251.340000 
251.420000 
251.500000 
251.580000 
251.660000 
251.740000 
251.820000 
251.900000 
251.980000 
252.060000 
252.140000 
252.220000 
252.300000 
252.380000 
252.460000 
252.540000 
252.620000 
252.700000 
252.780000 
252.860000 
252.940000 
253.020000 
253.100000 
253.180000 
253.260000 
253.340000 
253.420000 
253.500000 
253.580000 
253.660000 
253.740000 
253.820000 
253.900000 
253.980000 
254.060000 
254.140000 
254.220000 
254.300000 
254.380000 
254.460000 
254.540000 
254.620000 
254.700000 
254.780000 
254.860000 
254.940000 
255.020000 
255.100000 
255.180000 
255.260000 
255.340000 
255.420000 
255.500000 
255.580000 
255.660000 
255.740000 
255.820000 
255.900000 
255.980000 
256.060000 
256.140000 
256.220000 
256.300000 
256.380000 
256.460000 
256.540000 
256.620000 
256.700000 
256.780000 
256.860000 
256.940000 
257.020000 
257.100000 
257.180000 
257.260000 
257.340000 
257.420000 
257.500000 
257.580000 
257.660000 
257.740000 
257.820000 
257.900000 
257.980000 
258.060000 
258.140000 
258.220000 
258.300000 
258.380000 
258.460000 
258.540000 
258.620000 
258.700000 
258.780000 
258.860000 
258.940000 
259.020000 
259.100000 
259.180000 
259.260000 
259.340000 
259.420000 
259.500000 
259.580000 
259.660000 
259.740000 
259.820000 
259.900000 
259.980000 
260.060000 
260.140000 
260.220000 
260.300000 
260.380000 
260.460000 
260.540000 
260.620000 
260.700000 
260.780000 
260.860000 
260.940000 
261.020000 
261.100000 
261.180000 
261.260000 
261.340000 
261.420000 
261.500000 
261.580000 
261.660000 
261.740000 
261.820000 
261.900000 
261.980000 
262.060000 
262.140000 
262.220000 
262.300000 
262.380000 
262.460000 
262.540000 
262.620000 
262.700000 
262.780000 
262.860000 
262.940000 
263.020000 
263.100000 
263.180000 
263.260000 
263.340000 
263.420000 
263.500000 
263.580000 
263.660000 
263.740000 
263.820000 
263.900000 
263.980000 
264.060000 
264.140000 
264.220000 
264.300000 
264.380000 
264.460000 
264.540000 
264.620000 
264.700000 
264.780000 
264.860000 
264.940000 
265.020000 
265.100000 
265.180000 
265.260000 
265.340000 
265.420000 
265.500000 
265.580000 
265.660000 
265.740000 
265.820000 
265.900000 
265.980000 
266.060000 
266.140000 
266.220000 
266.300000 
266.380000 
266.460000 
266.540000 
266.620000 
266.700000 
266.780000 
266.860000 
266.940000 
267.020000 
267.100000 
267.180000 
267.260000 
267.340000 
267.420000 
267.500000 
267.580000 
267.660000 
267.740000 
267.820000 
267.900000 
267.980000 
268.060000 
268.140000 
268.220000 
268.300000 
268.380000 
268.460000 
268.540000 
268.620000 
268.700000 
268.780000 
268.860000 
268.940000 
269.020000 
269.100000 
269.180000 
269.260000 
269.340000 
269.420000 
269.500000 
269.580000 
269.660000 
269.740000 
269.820000 
269.900000 
269.980000 
270.060000 
270.140000 
270.220000 
270.300000 
270.380000 
270.460000 
270.540000 
270.620000 
270.700000 
270.780000 
270.860000 
270.940000 
271.020000 
271.100000 
271.180000 
271.260000 
271.340000 
271.420000 
271.500000 
271.580000 
271.660000 
271.740000 
271.820000 
271.900000 
271.980000 
272.060000 
272.140000 
272.220000 
272.300000 
272.380000 
272.460000 
272.540000 
272.620000 
272.700000 
272.780000 
272.860000 
272.940000 
273.020000 
273.100000 
273.180000 
273.260000 
273.340000 
273.420000 
273.500000 
273.580000 
273.660000 
273.740000 
273.820000 
273.900000 
273.980000 
274.060000 
274.140000 
274.220000 
274.300000 
274.380000 
274.460000 
274.540000 
274.620000 
274.700000 
274.780000 
274.860000 
274.940000 
275.020000 
275.100000 
275.180000 
275.260000 
275.340000 
275.420000 
275.500000 
275.580000 
275.660000 
275.740000 
275.820000 
275.900000 
275.980000 
276.060000 
276.140000 
276.220000 
276.300000 
276.380000 
276.460000 
276.540000 
276.620000 
276.700000 
276.780000 
276.860000 
276.940000 
277.020000 
277.100000 
277.180000 
277.260000 
277.340000 
277.420000 
277.500000 
277.580000 
277.660000 
277.740000 
277.820000 
277.900000 
277.980000 
278.060000 
278.140000 
278.220000 
278.300000 
278.380000 
278.460000 
278.540000 
278.620000 
278.700000 
278.780000 
278.860000 
278.940000 
279.020000 
279.100000 
279.180000 
279.260000 
279.340000 
279.420000 
279.500000 
279.580000 
279.660000 
279.740000 
279.820000 
279.900000 
279.980000 
280.060000 
280.140000 
280.220000 
280.300000 
280.380000 
280.460000 
280.540000 
280.620000 
280.700000 
280.780000 
280.860000 
280.940000 
281.020000 
281.100000 
281.180000 
281.260000 
281.340000 
281.420000 
281.500000 
281.580000 
281.660000 
281.740000 
281.820000 
281.900000 
281.980000 
282.060000 
282.140000 
282.220000 
282.300000 
282.380000 
282.460000 
282.540000 
282.620000 
282.700000 
282.780000 
282.860000 
282.940000 
283.020000 
283.100000 
283.180000 
283.260000 
283.340000 
283.420000 
283.500000 
283.580000 
283.660000 
283.740000 
283.820000 
283.900000 
283.980000 
284.060000 
284.140000 
284.220000 
284.300000 
284.380000 
284.460000 
284.540000 
284.620000 
284.700000 
284.780000 
284.860000 
284.940000 
285.020000 
285.100000 
285.180000 
285.260000 
285.340000 
285.420000 
285.500000 
285.580000 
285.660000 
285.740000 
285.820000 
285.900000 
285.980000 
286.060000 
286.140000 
286.220000 
286.300000 
286.380000 
286.460000 
286.540000 
286.620000 
286.700000 
286.780000 
286.860000 
286.940000 
287.020000 
287.100000 
287.180000 
287.260000 
287.340000 
287.420000 
287.500000 
287.580000 
287.660000 
287.740000 
287.820000 
287.900000 
287.980000 
288.060000 
288.140000 
288.220000 
288.300000 
288.380000 
288.460000 
288.540000 
288.620000 
288.700000 
288.780000 
288.860000 
288.940000 
289.020000 
289.100000 
289.180000 
289.260000 
289.340000 
289.420000 
289.500000 
289.580000 
289.660000 
289.740000 
289.820000 
289.900000 
289.980000 
290.060000 
290.140000 
290.220000 
290.300000 
290.380000 
290.460000 
290.540000 
290.620000 
290.700000 
290.780000 
290.860000 
290.940000 
291.020000 
291.100000 
291.180000 
291.260000 
291.340000 
291.420000 
291.500000 
291.580000 
291.660000 
291.740000 
291.820000 
291.900000 
291.980000 
292.060000 
292.140000 
292.220000 
292.300000 
292.380000 
292.460000 
292.540000 
292.620000 
292.700000 
292.780000 
292.860000 
292.940000 
293.020000 
293.100000 
293.180000 
293.260000 
293.340000 
293.420000 
293.500000 
293.580000 
293.660000 
293.740000 
293.820000 
293.900000 
293.980000 
294.060000 
294.140000 
294.220000 
294.300000 
294.380000 
294.460000 
294.540000 
294.620000 
294.700000 
294.780000 
294.860000 
294.940000 
295.020000 
295.100000 
295.180000 
295.260000 
295.340000 
295.420000 
295.500000 
295.580000 
295.660000 
295.740000 
295.820000 
295.900000 
295.980000 
296.060000 
296.140000 
296.220000 
296.300000 
296.380000 
296.460000 
296.540000 
296.620000 
296.700000 
296.780000 
296.860000 
296.940000 
297.020000 
297.100000 
297.180000 
297.260000 
297.340000 
297.420000 
297.500000 
297.580000 
297.660000 
297.740000 
297.820000 
297.900000 
297.980000 
298.060000 
298.140000 
298.220000 
298.300000 
298.380000 
298.460000 
298.540000 
298.620000 
298.700000 
298.780000 
298.860000 
298.940000 
299.020000 
299.100000 
299.180000 
299.260000 
299.340000 
299.420000 
299.500000 
299.580000 
299.660000 
299.740000 
299.820000 
299.900000 
299.980000 
300.060000 
300.140000 
300.220000 
300.300000 
300.380000 
300.460000 
300.540000 
300.620000 
300.700000 
300.780000 
300.860000 
300.940000 
301.020000 
301.100000 
301.180000 
301.260000 
301.340000 
301.420000 
301.500000 
301.580000 
301.660000 
301.740000 
301.820000 
301.900000 
301.980000 
302.060000 
302.140000 
302.220000 
302.300000 
302.380000 
302.460000 
302.540000 
302.620000 
302.700000 
302.780000 
302.860000 
302.940000 
303.020000 
303.100000 
303.180000 
303.260000 
303.340000 
303.420000 
303.500000 
303.580000 
303.660000 
303.740000 
303.820000 
303.900000 
303.980000 
304.060000 
304.140000 
304.220000 
304.300000 
304.380000 
304.460000 
304.540000 
304.620000 
304.700000 
304.780000 
304.860000 
304.940000 
305.020000 
305.100000 
305.180000 
305.260000 
305.340000 
305.420000 
305.500000 
305.580000 
305.660000 
305.740000 
305.820000 
305.900000 
305.980000 
306.060000 
306.140000 
306.220000 
306.300000 
306.380000 
306.460000 
306.540000 
306.620000 
306.700000 
306.780000 
306.860000 
306.940000 
307.020000 
307.100000 
307.180000 
307.260000 
307.340000 
307.420000 
307.500000 
307.580000 
307.660000 
307.740000 
307.820000 
307.900000 
307.980000 
308.060000 
308.140000 
308.220000 
308.300000 
308.380000 
308.460000 
308.540000 
308.620000 
308.700000 
308.780000 
308.860000 
308.940000 
309.020000 
309.100000 
309.180000 
309.260000 
309.340000 
309.420000 
309.500000 
309.580000 
309.660000 
309.740000 
309.820000 
309.900000 
309.980000 
310.060000 
310.140000 
310.220000 
310.300000 
310.380000 
310.460000 
310.540000 
310.620000 
310.700000 
310.780000 
310.860000 
310.940000 
311.020000 
311.100000 
311.180000 
311.260000 
311.340000 
311.420000 
311.500000 
311.580000 
311.660000 
311.740000 
311.820000 
311.900000 
311.980000 
312.060000 
312.140000 
312.220000 
312.300000 
312.380000 
312.460000 
312.540000 
312.620000 
312.700000 
312.780000 
312.860000 
312.940000 
313.020000 
313.100000 
313.180000 
313.260000 
313.340000 
313.420000 
313.500000 
313.580000 
313.660000 
313.740000 
313.820000 
313.900000 
313.980000 
314.060000 
314.140000 
314.220000 
314.300000 
314.380000 
314.460000 
314.540000 
314.620000 
314.700000 
314.780000 
314.860000 
314.940000 
315.020000 
315.100000 
315.180000 
315.260000 
315.340000 
315.420000 
315.500000 
315.580000 
315.660000 
315.740000 
315.820000 
315.900000 
315.980000 
316.060000 
316.140000 
316.220000 
316.300000 
316.380000 
316.460000 
316.540000 
316.620000 
316.700000 
316.780000 
316.860000 
316.940000 
317.020000 
317.100000 
317.180000 
317.260000 
317.340000 
317.420000 
317.500000 
317.580000 
317.660000 
317.740000 
317.820000 
317.900000 
317.980000 
318.060000 
318.140000 
318.220000 
318.300000 
318.380000 
318.460000 
318.540000 
318.620000 
318.700000 
318.780000 
318.860000 
318.940000 
319.020000 
319.100000 
319.180000 
319.260000 
319.340000 
319.420000 
319.500000 
319.580000 
319.660000 
319.740000 
319.820000 
319.900000 
319.980000 
320.060000 
320.140000 
320.220000 
320.300000 
320.380000 
320.460000 
320.540000 
320.620000 
320.700000 
320.780000 
320.860000 
320.940000 
321.020000 
321.100000 
321.180000 
321.260000 
321.340000 
321.420000 
321.500000 
321.580000 
321.660000 
321.740000 
321.820000 
321.900000 
321.980000 
322.060000 
322.140000 
322.220000 
322.300000 
322.380000 
322.460000 
322.540000 
322.620000 
322.700000 
322.780000 
322.860000 
322.940000 
323.020000 
323.100000 
323.180000 
323.260000 
323.340000 
323.420000 
323.500000 
323.580000 
323.660000 
323.740000 
323.820000 
323.900000 
323.980000 
324.060000 
324.140000 
324.220000 
324.300000 
324.380000 
324.460000 
324.540000 
324.620000 
324.700000 
324.780000 
324.860000 
324.940000 
325.020000 
325.100000 
325.180000 
325.260000 
325.340000 
325.420000 
325.500000 
325.580000 
325.660000 
325.740000 
325.820000 
325.900000 
325.980000 
326.060000 
326.140000 
326.220000 
326.300000 
326.380000 
326.460000 
326.540000 
326.620000 
326.700000 
326.780000 
326.860000 
326.940000 
327.020000 
327.100000 
327.180000 
327.260000 
327.340000 
327.420000 
327.500000 
327.580000 
327.660000 
327.740000 
327.820000 
327.900000 
327.980000 
328.060000 
328.140000 
328.220000 
328.300000 
328.380000 
328.460000 
328.540000 
328.620000 
328.700000 
328.780000 
328.860000 
328.940000 
329.020000 
329.100000 
329.180000 
329.260000 
329.340000 
329.420000 
329.500000 
329.580000 
329.660000 
329.740000 
329.820000 
329.900000 
329.980000 
330.060000 
330.140000 
330.220000 
330.300000 
330.380000 
330.460000 
330.540000 
330.620000 
330.700000 
330.780000 
330.860000 
330.940000 
331.020000 
331.100000 
331.180000 
331.260000 
331.340000 
331.420000 
331.500000 
331.580000 
331.660000 
331.740000 
331.820000 
331.900000 
331.980000 
332.060000 
332.140000 
332.220000 
332.300000 
332.380000 
332.460000 
332.540000 
332.620000 
332.700000 
332.780000 
332.860000 
332.940000 
333.020000 
333.100000 
333.180000 
333.260000 
333.340000 
333.420000 
333.500000 
333.580000 
333.660000 
333.740000 
333.820000 
333.900000 
333.980000 
334.060000 
334.140000 
334.220000 
334.300000 
334.380000 
334.460000 
334.540000 
334.620000 
334.700000 
334.780000 
334.860000 
334.940000 
335.020000 
335.100000 
335.180000 
335.260000 
335.340000 
335.420000 
335.500000 
335.580000 
335.660000 
335.740000 
335.820000 
335.900000 
335.980000 
336.060000 
336.140000 
336.220000 
336.300000 
336.380000 
336.460000 
336.540000 
336.620000 
336.700000 
336.780000 
336.860000 
336.940000 
337.020000 
337.100000 
337.180000 
337.260000 
337.340000 
337.420000 
337.500000 
337.580000 
337.660000 
337.740000 
337.820000 
337.900000 
337.980000 
338.060000 
338.140000 
338.220000 
338.300000 
338.380000 
338.460000 
338.540000 
338.620000 
338.700000 
338.780000 
338.860000 
338.940000 
339.020000 
339.100000 
339.180000 
339.260000 
339.340000 
339.420000 
339.500000 
339.580000 
339.660000 
339.740000 
339.820000 
339.900000 
339.980000 
340.060000 
340.140000 
340.220000 
340.300000 
340.380000 
340.460000 
340.540000 
340.620000 
340.700000 
340.780000 
340.860000 
340.940000 
341.020000 
341.100000 
341.180000 
341.260000 
341.340000 
341.420000 
341.500000 
341.580000 
341.660000 
341.740000 
341.820000 
341.900000 
341.980000 
342.060000 
342.140000 
342.220000 
342.300000 
342.380000 
342.460000 
342.540000 
342.620000 
342.700000 
342.780000 
342.860000 
342.940000 
343.020000 
343.100000 
343.180000 
343.260000 
343.340000 
343.420000 
343.500000 
343.580000 
343.660000 
343.740000 
343.820000 
343.900000 
343.980000 
344.060000 
344.140000 
344.220000 
344.300000 
344.380000 
344.460000 
344.540000 
344.620000 
344.700000 
344.780000 
344.860000 
344.940000 
345.020000 
345.100000 
345.180000 
345.260000 
345.340000 
345.420000 
345.500000 
345.580000 
345.660000 
345.740000 
345.820000 
345.900000 
345.980000 
346.060000 
346.140000 
346.220000 
346.300000 
346.380000 
346.460000 
346.540000 
346.620000 
346.700000 
346.780000 
346.860000 
346.940000 
347.020000 
347.100000 
347.180000 
347.260000 
347.340000 
347.420000 
347.500000 
347.580000 
347.660000 
347.740000 
347.820000 
347.900000 
347.980000 
348.060000 
348.140000 
348.220000 
348.300000 
348.380000 
348.460000 
348.540000 
348.620000 
348.700000 
348.780000 
348.860000 
348.940000 
349.020000 
349.100000 
349.180000 
349.260000 
349.340000 
349.420000 
349.500000 
349.580000 
349.660000 
349.740000 
349.820000 
349.900000 
349.980000 
350.060000 
350.140000 
350.220000 
350.300000 
350.380000 
350.460000 
350.540000 
350.620000 
350.700000 
350.780000 
350.860000 
350.940000 
351.020000 
351.100000 
351.180000 
351.260000 
351.340000 
351.420000 
351.500000 
351.580000 
351.660000 
351.740000 
351.820000 
351.900000 
351.980000 
352.060000 
352.140000 
352.220000 
352.300000 
352.380000 
352.460000 
352.540000 
352.620000 
352.700000 
352.780000 
352.860000 
352.940000 
353.020000 
353.100000 
353.180000 
353.260000 
353.340000 
353.420000 
353.500000 
353.580000 
353.660000 
353.740000 
353.820000 
353.900000 
353.980000 
354.060000 
354.140000 
354.220000 
354.300000 
354.380000 
354.460000 
354.540000 
354.620000 
354.700000 
354.780000 
354.860000 
354.940000 
355.020000 
355.100000 
355.180000 
355.260000 
355.340000 
355.420000 
355.500000 
355.580000 
355.660000 
355.740000 
355.820000 
355.900000 
355.980000 
356.060000 
356.140000 
356.220000 
356.300000 
356.380000 
356.460000 
356.540000 
356.620000 
356.700000 
356.780000 
356.860000 
356.940000 
357.020000 
357.100000 
357.180000 
357.260000 
357.340000 
357.420000 
357.500000 
357.580000 
357.660000 
357.740000 
357.820000 
357.900000 
357.980000 
358.060000 
358.140000 
358.220000 
358.300000 
358.380000 
358.460000 
358.540000 
358.620000 
358.700000 
358.780000 
358.860000 
358.940000 
359.020000 
359.100000 
359.180000 
359.260000 
359.340000 
359.420000 
359.500000 
359.580000 
359.660000 
359.740000 
359.820000 
359.900000 
359.980000 
360.060000 
360.140000 
360.220000 
360.300000 
360.380000 
360.460000 
360.540000 
360.620000 
360.700000 
360.780000 
360.860000 
360.940000 
361.020000 
361.100000 
361.180000 
361.260000 
361.340000 
361.420000 
361.500000 
361.580000 
361.660000 
361.740000 
361.820000 
361.900000 
361.980000 
362.060000 
362.140000 
362.220000 
362.300000 
362.380000 
362.460000 
362.540000 
362.620000 
362.700000 
362.780000 
362.860000 
362.940000 
363.020000 
363.100000 
363.180000 
363.260000 
363.340000 
363.420000 
363.500000 
363.580000 
363.660000 
363.740000 
363.820000 
363.900000 
363.980000 
364.060000 
364.140000 
364.220000 
364.300000 
364.380000 
364.460000 
364.540000 
364.620000 
364.700000 
364.780000 
364.860000 
364.940000 
365.020000 
365.100000 
365.180000 
365.260000 
365.340000 
365.420000 
365.500000 
365.580000 
365.660000 
365.740000 
365.820000 
365.900000 
365.980000 
366.060000 
366.140000 
366.220000 
366.300000 
366.380000 
366.460000 
366.540000 
366.620000 
366.700000 
366.780000 
366.860000 
366.940000 
367.020000 
367.100000 
367.180000 
367.260000 
367.340000 
367.420000 
367.500000 
367.580000 
367.660000 
367.740000 
367.820000 
367.900000 
367.980000 
368.060000 
368.140000 
368.220000 
368.300000 
368.380000 
368.460000 
368.540000 
368.620000 
368.700000 
368.780000 
368.860000 
368.940000 
369.020000 
369.100000 
369.180000 
369.260000 
369.340000 
369.420000 
369.500000 
369.580000 
369.660000 
369.740000 
369.820000 
369.900000 
369.980000 
370.060000 
370.140000 
370.220000 
370.300000 
370.380000 
370.460000 
370.540000 
370.620000 
370.700000 
370.780000 
370.860000 
370.940000 
371.020000 
371.100000 
371.180000 
371.260000 
371.340000 
371.420000 
371.500000 
371.580000 
371.660000 
371.740000 
371.820000 
371.900000 
371.980000 
372.060000 
372.140000 
372.220000 
372.300000 
372.380000 
372.460000 
372.540000 
372.620000 
372.700000 
372.780000 
372.860000 
372.940000 
373.020000 
373.100000 
373.180000 
373.260000 
373.340000 
373.420000 
373.500000 
373.580000 
373.660000 
373.740000 
373.820000 
373.900000 
373.980000 
374.060000 
374.140000 
374.220000 
374.300000 
374.380000 
374.460000 
374.540000 
374.620000 
374.700000 
374.780000 
374.860000 
374.940000 
375.020000 
375.100000 
375.180000 
375.260000 
375.340000 
375.420000 
375.500000 
375.580000 
375.660000 
375.740000 
375.820000 
375.900000 
375.980000 
376.060000 
376.140000 
376.220000 
376.300000 
376.380000 
376.460000 
376.540000 
376.620000 
376.700000 
376.780000 
376.860000 
376.940000 
377.020000 
377.100000 
377.180000 
377.260000 
377.340000 
377.420000 
377.500000 
377.580000 
377.660000 
377.740000 
377.820000 
377.900000 
377.980000 
378.060000 
378.140000 
378.220000 
378.300000 
378.380000 
378.460000 
378.540000 
378.620000 
378.700000 
378.780000 
378.860000 
378.940000 
379.020000 
379.100000 
379.180000 
379.260000 
379.340000 
379.420000 
379.500000 
379.580000 
379.660000 
379.740000 
379.820000 
379.900000 
379.980000 
380.060000 
380.140000 
380.220000 
380.300000 
380.380000 
380.460000 
380.540000 
380.620000 
380.700000 
380.780000 
380.860000 
380.940000 
381.020000 
381.100000 
381.180000 
381.260000 
381.340000 
381.420000 
381.500000 
381.580000 
381.660000 
381.740000 
381.820000 
381.900000 
381.980000 
382.060000 
382.140000 
382.220000 
382.300000 
382.380000 
382.460000 
382.540000 
382.620000 
382.700000 
382.780000 
382.860000 
382.940000 
383.020000 
383.100000 
383.180000 
383.260000 
383.340000 
383.420000 
383.500000 
383.580000 
383.660000 
383.740000 
383.820000 
383.900000 
383.980000 
384.060000 
384.140000 
384.220000 
384.300000 
384.380000 
384.460000 
384.540000 
384.620000 
384.700000 
384.780000 
384.860000 
384.940000 
385.020000 
385.100000 
385.180000 
385.260000 
385.340000 
385.420000 
385.500000 
385.580000 
385.660000 
385.740000 
385.820000 
385.900000 
385.980000 
386.060000 
386.140000 
386.220000 
386.300000 
386.380000 
386.460000 
386.540000 
386.620000 
386.700000 
386.780000 
386.860000 
386.940000 
387.020000 
387.100000 
387.180000 
387.260000 
387.340000 
387.420000 
387.500000 
387.580000 
387.660000 
387.740000 
387.820000 
387.900000 
387.980000 
388.060000 
388.140000 
388.220000 
388.300000 
388.380000 
388.460000 
388.540000 
388.620000 
388.700000 
388.780000 
388.860000 
388.940000 
389.020000 
389.100000 
389.180000 
389.260000 
389.340000 
389.420000 
389.500000 
389.580000 
389.660000 
389.740000 
389.820000 
389.900000 
389.980000 
390.060000 
390.140000 
390.220000 
390.300000 
390.380000 
390.460000 
390.540000 
390.620000 
390.700000 
390.780000 
390.860000 
390.940000 
391.020000 
391.100000 
391.180000 
391.260000 
391.340000 
391.420000 
391.500000 
391.580000 
391.660000 
391.740000 
391.820000 
391.900000 
391.980000 
392.060000 
392.140000 
392.220000 
392.300000 
392.380000 
392.460000 
392.540000 
392.620000 
392.700000 
392.780000 
392.860000 
392.940000 
393.020000 
393.100000 
393.180000 
393.260000 
393.340000 
393.420000 
393.500000 
393.580000 
393.660000 
393.740000 
393.820000 
393.900000 
393.980000 
394.060000 
394.140000 
394.220000 
394.300000 
394.380000 
394.460000 
394.540000 
394.620000 
394.700000 
394.780000 
394.860000 
394.940000 
395.020000 
395.100000 
395.180000 
395.260000 
395.340000 
395.420000 
395.500000 
395.580000 
395.660000 
395.740000 
395.820000 
395.900000 
395.980000 
396.060000 
396.140000 
396.220000 
396.300000 
396.380000 
396.460000 
396.540000 
396.620000 
396.700000 
396.780000 
396.860000 
396.940000 
397.020000 
397.100000 
397.180000 
397.260000 
397.340000 
397.420000 
397.500000 
397.580000 
397.660000 
397.740000 
397.820000 
397.900000 
397.980000 
398.060000 
398.140000 
398.220000 
398.300000 
398.380000 
398.460000 
398.540000 
398.620000 
398.700000 
398.780000 
398.860000 
398.940000 
399.020000 
399.100000 
399.180000 
399.260000 
399.340000 
399.420000 
399.500000 
399.580000 
399.660000 
399.740000 
399.820000 
399.900000 
399.980000 
400.060000 
400.140000 
